1976
1975
1974
1973
1972
1851
1971
1970
1979
1978
1977
1990
1987
1986
1985
1984
1983
1982
1069
1981
1980
1907
1989
1988
1998
1910
1997
1996
1995
1994
1993
1992
1991
1914
1912
1999
1878
2004
1920
1885
1928
1927
1926
1932
1931
1930
1939
1938
1937
1936
1934
1933
2001
2000
1942
1941
1820
1940
1949
1948
1947
1946
1945
1944
2012
2011
2010
1954
2009
2008
1953
2007
1952
2006
1951
2005
1950
2004
2003
2002
1959
1958
1957
1956
1955
1965
1964
1963
2018
1962
2017
1961
2016
1960
2015
2014
2013
1969
1968
1967
1966
